[ 153.67240506]	[ 46.59367614]	[ 132.42329114]	[ 3.10007175]	[ 117.95658228]	[ 5.92905427]	64	7	6	
[ 137.87964015]	[ 17.42184937]	[ 130.87215909]	[ 4.77512707]	[ 126.94479167]	[ 5.71259916]	51	21	15	
[ 149.13254882]	[ 12.23008776]	[ 127.64918801]	[ 1.04582953]	[ 126.97652553]	[ 1.06536832]	81	52	5	
[ 131.74560741]	[ 6.17203934]	[ 124.21177076]	[ 0.90594321]	[ 126.85017159]	[ 0.82025343]	35	9	4	
[ 212.22453704]	[ 7.70874513]	[ 127.51483586]	[ 0.58880087]	[ 116.66130051]	[ 0.64204258]	33	2	2	
[ 157.22046955]	[ 3.46804392]	[ 136.53063096]	[ 0.61764894]	[ 137.29915627]	[ 0.60674192]	35	5	10	
[ 171.13298872]	[ 11.55284858]	[ 130.11240602]	[ 1.16317084]	[ 123.34774436]	[ 4.12683481]	25	4	8	
[ 184.93894501]	[ 10.91258392]	[ 127.16902357]	[ 0.6348865]	[ 127.64287318]	[ 0.95072909]	17	4	3	
[ 160.35661476]	[ 10.70380427]	[ 130.98930313]	[ 1.07331326]	[ 138.91749253]	[ 2.28096558]	51	7	25	
[ 175.62087542]	[ 24.51013514]	[ 127.08552189]	[ 3.25015466]	[ 125.83232323]	[ 4.79991923]	53	5	13	
[ 210.86755051]	[ 6.70217872]	[ 121.34684343]	[ 0.86866183]	[ 125.51969697]	[ 1.02979154]	37	8	6	
[ 168.14786849]	[ 9.68076251]	[ 131.51329243]	[ 2.01098629]	[ 129.86833412]	[ 4.0527976]	53	13	11	
[ 144.08852259]	[ 8.14756922]	[ 124.87179487]	[ 0.65235411]	[ 118.3034188]	[ 1.5778923]	32	3	9	
[ 112.78027731]	[ 12.44587473]	[ 129.24773628]	[ 2.03864801]	[ 116.2491511]	[ 3.75890275]	59	7	11	
[ 184.18907233]	[ 10.16514686]	[ 130.04992138]	[ 0.9439188]	[ 128.65172956]	[ 1.03085885]	67	3	9	
[ 141.55236486]	[ 7.31544528]	[ 129.61436804]	[ 0.95488257]	[ 133.1595787]	[ 2.00683739]	38	5	10	
[ 151.73849124]	[ 16.07641798]	[ 125.06133056]	[ 1.09969827]	[ 122.28868429]	[ 2.78058091]	43	5	12	
[ 174.30701472]	[ 7.23554082]	[ 123.88913954]	[ 1.00099811]	[ 126.25964121]	[ 1.529579]	46	4	6	
[ 88.18791946]	[ 11.63776684]	[ 142.9663311]	[ 1.5325282]	[ 152.87393736]	[ 3.07822924]	152	17	30	
[ 183.50151515]	[ 7.37960281]	[ 123.69628099]	[ 0.97187017]	[ 109.19889807]	[ 1.12612302]	33	3	8	
[ 157.04646465]	[ 4.79364014]	[ 130.74343434]	[ 1.56345365]	[ 127.9342312]	[ 1.35053963]	63	5	7	
[ 176.6868806]	[ 18.3345041]	[ 126.24736511]	[ 1.62775974]	[ 122.79117508]	[ 3.69874463]	62	10	19	
[ 205.56908804]	[ 22.14801587]	[ 125.41798263]	[ 1.74422638]	[ 124.55852744]	[ 2.25344175]	24	5	7	
[ 87.52607809]	[ 8.57084602]	[ 131.18152681]	[ 1.06476039]	[ 119.52258159]	[ 4.06758356]	39	10	8	
[ 157.18300888]	[ 6.27497548]	[ 130.]	[ 0.]	[ 128.]	[ 0.]	35	0	0	
[ 152.75706122]	[ 8.12705742]	[ 128.3557551]	[ 0.59464407]	[ 127.40914286]	[ 0.62579752]	49	3	4	
[ 241.42447917]	[ 1.9118326]	[ 127.69726562]	[ 0.45944126]	[ 128.]	[ 0.]	16	3	3	
[ 160.16599732]	[ 19.95972189]	[ 129.93210939]	[ 1.63222584]	[ 119.17555938]	[ 1.7811424]	80	7	11	
[ 159.14913146]	[ 12.59045308]	[ 127.09830241]	[ 1.01450645]	[ 129.15307935]	[ 1.87387482]	43	3	6	
